R:    -0.358088   0.027928   -0.009329

T:    0.007792   -0.018516   -0.115448

